iter 1 ====
eci= -94.6661949589
max-step=   0.0001124  yes
rms-step=   0.0000396  yes
max-force=  0.0002272  yes
rms-force=  0.0001041  yes
